136,2
136,1
136,0
125,5
125,4
125,3
125,2
125,1
125,0
121,4
121,3
121,2
121,1
121,0
120,3
120,2
120,1
120,0
119,5
119,4
119,3
119,2
119,1
119,0
118,4
118,3
118,2
118,1
118,0
117,4
117,3
117,2
117,1
117,0
116,4
116,3
116,2
116,1
116,0
115,3
115,2
115,1
115,0
114,5
114,4
114,3
114,2
114,1
114,0
113,4
113,3
113,2
113,1
113,0
111,4
111,3
111,2
111,1
111,0
110,6
110,5
110,4
110,3
110,2
110,1
110,0
100,3
100,2
100,1
100,0
98,3
98,2
98,1
98,0
92,3
92,2
92,1
92,0
90,5
90,4
90,3
90,2
90,1
90,0
89,4
89,3
89,2
89,1
89,0
5,3
5,2
5,1
5,0
4,3
2,10
2,9
2,8
2,6
2,5
2,4
2,3
2,2
2,1
2,0
1,3
0,445
0,444
0,443
0,412
0,324
0,243
0,9
0,0
0,1
0,418
0,300
0,429
0,299
0,417
0,298
0,428
0,297
0,416
0,296
0,414
0,295
0,413
0,294
0,411
0,293
0,410
0,292
0,409
0,291
0,427
0,290
0,408
0,289
0,426
0,288
0,407
0,287
0,406
0,286
0,405
0,285
0,386
0,284
0,442
0,283
0,402
0,282
0,425
0,281
0,401
0,280
0,440
0,279
0,400
0,278
0,399
0,277
0,377
0,276
0,397
0,275
0,396
0,274
0,395
0,273
0,436
0,272
0,394
136,3
136,4
138,0
138,1
138,3
145,0
145,2
145,4
145,5
148,1
148,2
148,4
150,0
150,1
150,3
154,0
154,2
154,3
155,0
155,2
155,3
158,0
158,1
158,3
177,1
177,2
178,0
178,1
178,3
179,0
179,2
179,4
180,0
180,2
180,3
181,1
181,3
182,0
182,2
182,3
183,0
183,1
183,3
184,1
184,2
184,4
185,0
185,2
186,0
186,1
186,3
186,5
187,1
187,3
188,0
188,2
188,3
189,1
189,2
190,0
190,2
190,3
191,0
191,1
191,3
192,0
192,1
192,3
193,0
193,2
193,3
194,1
194,3
195,0
195,2
195,3
196,0
196,2
196,3
197,1
197,2
197,4
197,5
198,1
198,3
198,4
199,1
199,2
199,4
200,0
200,1
200,3
201,0
201,2
202,0
202,1
202,3
202,4
203,1
203,2
204,0
204,2
204,3
205,1
205,2
206,0
206,2
206,3
207,1
207,2
207,4
207,5
208,1
208,3
211,0
211,2
211,3
211,5
212,1
212,2
212,4
213,0
213,2
213,3
214,0
214,2
214,3
216,1
216,2
216,4
217,0
217,1
217,3
223,0
223,2
223,3
227,1
227,3
227,4
228,1
228,2
228,4
229,1
229,2
229,4
229,5
230,1
230,3
234,0
234,2
234,3
234,5
236,0
236,2
236,4
236,5
242,1
242,2
242,4
242,7
244,0
244,2
244,3
245,1
245,2
246,0
246,2
246,3
251,1
251,2
251,4
252,1
252,2
252,4
253,0
253,2
253,3
253,5
259,1
259,2
259,4
261,0
261,2
264,0
264,1
264,3
265,0
265,2
265,4
266,0
266,2
266,3
267,1
267,2
267,4
267,5
267,3
267,0
266,1
265,3
265,1
264,2
261,3
261,1
259,3
259,0
253,4
253,1
252,3
252,0
251,3
251,0
246,1
245,3
245,0
244,1
242,5
242,3
242,0
236,3
236,1
234,4
234,1
230,2
230,0
229,3
229,0
228,3
228,0
227,2
227,0
223,1
217,2
216,5
216,3
216,0
214,1
213,4
213,1
212,3
212,0
211,4
211,1
208,2
208,0
207,3
207,0
206,1
205,3
205,0
204,1
203,3
203,0
202,2
201,3
201,1
200,2
199,5
199,3
199,0
198,2
198,0
197,3
197,0
196,1
195,4
195,1
194,2
194,0
193,1
192,2
191,4
191,2
190,4
190,1
189,3
189,0
188,1
187,2
187,0
186,2
185,3
185,1
184,3
184,0
183,2
182,4
182,1
181,2
181,0
180,1
179,3
179,1
178,2
177,3
177,0
158,2
155,4
155,1
154,4
154,1
150,2
148,5
148,3
148,0
145,3
145,1
138,2
136,5
0,271
0,424
0,270
0,393
0,269
0,392
0,268
0,391
0,267
0,390
0,266
0,435
0,265
0,389
0,264
0,423
0,263
0,388
0,262
0,387
0,261
0,260
0,385
0,259
0,384
0,258
0,383
0,257
0,256
0,381
0,255
0,380
0,254
0,379
0,253
0,378
0,252
0,431
0,251
0,415
0,250
0,373
0,249
0,434
0,248
0,372
0,247
0,422
0,246
0,371
0,245
0,370
0,244
0,369
0,242
0,368
0,241
0,367
0,240
0,366
0,239
0,238
0,237
0,363
0,236
0,362
0,235
0,361
0,234
0,360
0,233
0,359
0,232
0,358
0,231
0,357
0,230
0,356
0,229
0,433
0,228
0,355
0,227
0,421
0,226
0,354
0,225
0,353
0,224
0,352
0,223
0,351
0,222
0,350
0,221
0,349
0,220
0,348
0,219
0,347
0,218
0,420
0,217
0,346
0,216
0,419
0,215
0,437
0,214
0,344
0,213
0,343
0,212
0,342
0,211
0,341
0,210
0,340
0,209
0,376
0,208
0,338
0,207
0,337
0,206
0,336
0,205
0,335
0,204
0,334
0,203
0,438
0,202
0,333
0,201
0,432
0,200
0,332
0,199
0,331
0,198
0,330
0,197
0,329
0,196
0,441
0,195
0,447
0,194
0,430
0,193
0,327
0,192
0,326
0,63
0,325
0,62
0,323
0,61
0,322
0,60
0,321
0,59
0,320
0,58
0,319
0,57
0,318
0,56
0,317
0,55
0,316
0,54
0,315
0,53
0,314
0,52
0,313
0,51
0,312
0,50
0,311
0,49
0,310
0,48
0,309
0,47
0,308
0,46
0,307
0,45
0,301
0,6
0,5
0,304
0,303
0,306
0,305
0,302
0,12
0,439
0,10
0,8
0,11
0,4
0,2
0,3
0,7
